3
415
14.124 47.18 31.903
14.422 46.447 30.64
15.634 45.564 30.973
16.085 45.567 32.126
16.14 44.862 29.972
17.312 44.028 30.291
18.486 44.898 30.638
19.304 44.494 31.465
17.594 43.1 29.065
18.607 42.04 29.572
17.932 43.958 27.838
18.854 40.968 28.485
18.655 46.07 30.074
19.798 46.944 30.378
19.788 47.426 31.813
20.862 47.528 32.44
19.923 48.051 29.316
21.205 48.839 29.571
19.97 47.491 27.901
18.618 47.686 32.392
18.563 48.116 33.787
18.962 46.97 34.725
19.611 47.14 35.748
17.101 48.123 34.324
17.266 48.957 33.66
16.568 49.373 35.038
17.507 50.279 32.93
16.009 50.355 34.028
17.181 50.182 31.454
15.959 49.8 32.886
16.725 49.125 31.016
15.675 51.502 34.291
17.416 51.226 30.809
18.408 45.849 34.264
18.593 44.633 35.059
19.949 43.976 34.927
20.385 43.464 35.993
17.423 43.657 34.833
16.173 44.185 35.502
16.139 44.875 36.841
16.79 44.544 37.838
15.328 45.94 36.985
20.526 44.032 33.736
21.813 43.323 33.558
23.044 44.14 33.351
24.142 43.566 33.581
21.571 42.34 32.423
20.654 40.884 32.945
22.92 45.383 32.981
24.111 46.26 32.786
24.224 47.261 33.923
25.243 47.418 34.625
23.822 46.924 31.441
24.949 48.233 30.964
23.143 47.981 34.191
23.207 48.943 35.311
23.278 48.197 36.632
23.823 48.767 37.59
21.949 49.789 35.107
22.76 46.96 36.751
22.83 46.172 37.994
23.282 44.782 37.606
23.441 44.517 36.411
21.538 46.199 38.783
20.543 46.188 37.767
23.562 43.896 38.529
24.081 42.549 38.176
22.959 41.694 37.628
21.812 41.751 38.111
24.764 42.032 39.447
25.169 40.57 39.332
25.976 42.868 39.899
23.348 41.003 36.573
22.449 40.129 35.833
22.304 38.813 36.555
23.041 38.598 37.531
23.135 39.912 34.475
21.992 39.461 33.155
21.415 37.966 36.048
21.245 36.632 36.675
20.83 35.708 35.551
20.471 36.259 34.453
20.318 36.676 37.888
18.975 36.865 37.49
20.833 34.381 35.739
20.403 33.522 34.642
18.918 33.644 34.466
18.415 33.606 33.325
20.826 32.106 35.001
20.598 31.064 33.905
21.257 31.596 32.653
21.224 29.803 34.448
18.187 33.844 35.536
16.721 33.996 35.462
16.333 35.139 34.536
15.389 34.934 33.755
16.075 34.083 36.875
14.608 34.469 36.882
14.158 35.737 36.574
13.624 33.534 37.214
12.814 36.09 36.56
12.28 33.867 37.249
11.861 35.146 36.918
10.521 35.465 36.923
16.927 36.316 34.657
16.692 37.502 33.886
17.058 37.19 32.45
16.208 37.455 31.566
17.569 38.638 34.465
16.782 39.864 34.867
16.35 39.815 36.312
15.188 39.46 36.532
17.321 40.161 37.175
18.246 36.636 32.176
18.602 36.311 30.778
17.631 35.388 30.099
17.227 35.673 28.983
20.018 35.73 30.744
21.203 36.667 30.983
22.455 35.748 30.96
21.226 37.796 29.954
17.238 34.306 30.74
16.304 33.324 30.187
14.942 33.876 29.878
14.187 33.292 29.064
16.139 32.087 31.077
17.287 31.091 30.768
16.951 29.799 31.482
16.2 29.664 32.42
17.591 28.856 30.945
14.626 35.013 30.465
13.383 35.729 30.285
13.417 36.408 28.899
12.326 36.817 28.476
13.115 36.803 31.327
12.497 36.304 32.607
11.96 35.187 32.589
12.591 37.103 33.671
14.616 36.483 28.308
14.602 37.086 26.965
14.87 36.058 25.898
15.099 36.458 24.713
15.663 38.174 26.892
15.191 39.25 27.836
14.335 40.198 27.296
15.596 39.297 29.158
13.857 41.224 28.087
15.117 40.315 29.976
14.249 41.263 29.411
13.759 42.288 30.185
14.909 34.806 26.255
15.144 33.791 25.2
13.809 33.464 24.554
12.805 33.663 25.276
15.484 32.458 25.876
17.075 32.34 26.652
13.747 32.964 23.328
12.433 32.583 22.763
12.038 31.167 23.256
12.732 30.467 24.047
12.365 32.623 21.231
12.542 33.996 20.622
13.243 34.202 19.617
11.933 35.007 21.242
10.967 30.729 22.771
28.703 32.685 34.308
29.432 33.873 33.785
28.447 35.027 33.601
28.827 36.112 33.135
30.13 33.532 32.451
29.147 33.068 31.389
28.814 31.721 31.316
28.554 33.934 30.486
27.881 31.258 30.363
27.643 33.51 29.531
27.279 32.163 29.489
27.204 34.765 33.949
26.138 35.776 33.766
25.881 36.61 34.994
25.12 37.581 34.874
24.898 34.955 33.375
25.006 34.0 32.193
24.518 34.119 34.57
26.472 36.271 36.133
26.207 37.063 37.368
27.218 38.2 37.505
28.07 38.218 38.415
26.152 36.083 38.558
25.168 34.971 38.447
25.534 33.814 38.172
23.891 35.215 38.676
27.153 39.202 36.61
28.008 40.383 36.613
27.257 41.424 35.78
26.167 41.05 35.316
29.363 40.456 35.901
29.231 39.702 35.95
29.418 39.78 34.531
29.127 39.076 34.577
30.868 39.578 34.12
30.472 38.925 33.907
31.603 38.78 34.716
31.416 39.661 34.225
31.286 40.328 33.095
30.621 37.985 32.97
27.97 42.55 35.659
27.36 43.644 34.833
27.714 43.328 33.385
28.923 43.319 33.024
27.99 45.036 35.101
27.804 45.407 36.547
26.694 46.09 36.998
28.58 45.153 37.635
26.753 46.257 38.312
27.901 45.716 38.696
26.704 43.105 32.561
26.818 42.741 31.139
26.197 43.863 30.348
24.975 44.069 30.451
26.071 41.411 30.934
26.627 40.17 31.598
25.687 39.029 31.302
27.998 39.803 31.121
26.955 44.614 29.539
26.456 45.719 28.775
26.817 45.645 27.29
27.904 45.141 27.013
27.129 47.019 29.293
26.749 47.493 31.032
25.928 46.163 26.483
26.205 46.234 25.039
26.445 44.87 24.417
25.64 43.989 24.751
27.525 44.761 23.635
27.782 43.464 22.964
28.05 42.333 23.933
27.759 41.144 23.581
28.827 43.562 21.886
30.108 43.787 22.52
28.49 42.667 25.136
28.768 41.674 26.188
27.446 41.068 26.607
27.382 39.832 26.86
29.657 42.286 27.315
30.345 41.307 28.248
30.925 41.655 29.477
30.533 39.949 28.116
31.45 40.537 30.004
31.225 39.501 29.211
26.371 41.838 26.713
25.034 41.369 27.074
24.486 40.507 25.965
23.892 39.411 26.162
24.157 42.613 27.437
22.675 42.354 27.796
22.715 41.327 28.911
21.942 43.602 28.243
24.591 40.972 24.73
24.067 40.251 23.554
24.795 38.923 23.428
24.164 37.91 23.089
24.13 41.108 22.268
23.815 40.258 21.036
23.249 42.33 22.312
26.102 38.893 23.637
26.792 37.598 23.56
26.334 36.717 24.702
26.156 35.483 24.462
28.258 37.918 23.549
29.246 36.915 24.163
30.641 37.513 23.913
30.997 38.185 22.945
31.352 37.27 24.897
26.059 37.171 25.93
25.563 36.261 26.971
24.207 35.704 26.532
24.03 34.476 26.725
25.457 37.022 28.274
23.311 36.479 25.923
22.005 36.049 25.424
22.13 35.006 24.341
21.531 33.925 24.228
21.193 37.218 24.905
20.544 38.021 25.999
20.153 39.354 25.406
19.326 37.235 26.465
23.042 35.234 23.402
23.316 34.329 22.321
23.78 33.041 22.947
23.29 31.965 22.517
24.458 35.041 21.54
24.901 34.128 20.431
24.171 33.931 19.274
26.089 33.449 20.545
24.671 33.07 18.293
26.672 32.62 19.583
25.916 32.455 18.44
26.377 31.585 17.477
24.692 33.059 23.914
25.154 31.794 24.514
24.165 31.067 25.381
24.072 29.827 25.22
26.499 31.915 25.277
27.697 32.293 24.386
28.813 32.792 25.3
28.091 31.125 23.505
23.433 31.646 26.274
22.502 31.032 27.166
21.266 30.571 26.408
20.785 29.486 26.773
22.09 32.013 28.295
20.941 31.448 29.121
23.24 32.33 29.214
20.811 31.345 25.438
19.558 30.993 24.758
19.683 29.919 23.723
18.68 29.223 23.44
18.785 32.207 24.173
18.304 33.395 25.449
20.851 29.821 23.127
20.991 28.761 22.097
20.042 28.982 20.923
19.686 30.1 20.489
19.676 27.802 20.405
18.776 27.717 19.23
17.399 28.323 19.403
16.67 28.609 18.418
18.651 26.244 18.836
18.409 25.228 19.939
18.341 23.806 19.433
19.308 23.143 19.084
17.145 23.423 19.419
16.979 28.585 20.617
15.718 29.209 20.98
15.788 30.657 20.469
14.748 31.211 20.07
15.499 29.282 22.488
15.16 28.062 23.305
15.882 28.025 24.609
15.219 28.558 25.792
15.838 28.705 26.975
17.097 28.377 27.287
15.135 29.295 27.955
17.014 31.194 20.494
17.088 32.618 20.031
16.603 33.461 21.212
16.241 32.908 22.266
16.584 34.764 21.023
16.247 35.789 22.02
15.822 37.07 21.305
15.867 37.29 20.069
17.477 36.107 22.943
18.736 36.485 22.174
19.616 35.619 21.548
18.981 37.845 21.975
20.69 36.044 20.788
20.036 38.345 21.186
20.909 37.406 20.618
15.427 37.961 22.197
15.003 39.317 21.844
15.815 40.244 22.756
15.973 40.086 23.967
13.491 39.425 21.789
12.718 39.279 23.039
12.325 38.004 23.48
12.404 40.418 23.791
11.616 37.849 24.677
11.671 40.284 24.994
11.296 38.992 25.424
16.382 41.233 22.079
17.208 42.276 22.76
16.525 43.614 22.596
16.564 44.242 21.509
18.605 42.187 22.112
19.493 43.304 22.613
19.835 43.343 23.954
19.882 44.352 21.813
20.63 44.357 24.498
20.691 45.375 22.323
21.067 45.36 23.649
21.825 46.323 24.25
15.868 44.101 23.651
15.104 45.412 23.551
15.73 46.326 24.573
15.441 46.257 25.771
13.647 44.89 23.787
13.9 43.845 24.824
12.957 44.108 22.661
16.697 47.115 24.108
17.472 47.998 24.982
16.669 49.175 25.499
16.984 49.679 26.595
18.685 48.379 24.126
18.111 48.469 22.717
17.158 47.263 22.713
15.693 49.594 24.713
14.882 50.742 25.183
13.587 50.097 25.65
12.824 49.597 24.807
14.759 51.841 24.141
16.147 52.484 23.915
16.114 54.003 23.87
15.358 54.511 22.654
15.974 53.945 21.418
13.448 50.083 26.965
12.237 49.48 27.568
11.614 50.507 28.514
10.381 50.391 28.719
12.595 48.15 28.206
12.352 51.391 28.993
20.195 43.305 38.342
27.009 41.222 19.473
28.199 40.111 20.158
28.242 38.856 19.265
26.999 37.666 19.981
